xs ys xt yt xl yl xa ya
0.000000 0.000000 1.000000 0.000000 1.002600 0.000000 1.000000 0.096000
0.000000 0.000000 0.999984 0.006324 1.002576 0.006540 1.337293 0.095999
0.000000 0.000000 0.999928 0.012648 1.002496 0.013078 1.674586 0.095999
0.000000 0.000000 0.999833 0.018971 1.002359 0.019613 2.011878 0.095998
0.000000 0.000000 0.999699 0.025294 1.002166 0.026144 2.349170 0.095997
0.000000 0.000000 0.999526 0.031616 1.001918 0.032668 2.686463 0.095996
0.000000 0.000000 0.999314 0.037936 1.001614 0.039184 3.023755 0.095996
0.000000 0.000000 0.999062 0.044256 1.001255 0.045690 3.361048 0.095995
0.000000 0.000000 0.998772 0.050573 1.000843 0.052186 3.698340 0.095994
0.000000 0.000000 0.998442 0.056889 1.000378 0.058669 4.035633 0.095994
0.000000 0.000000 0.998073 0.063203 0.999861 0.065139 4.372925 0.095993
0.000000 0.000000 0.997664 0.069515 0.999293 0.071593 4.710217 0.095992
0.000000 0.000000 0.997217 0.075824 0.998676 0.078032 5.047509 0.095991
0.000000 0.000000 0.996730 0.082130 0.998009 0.084453 5.384801 0.095991
0.000000 0.000000 0.996204 0.088433 0.997295 0.090857 5.722094 0.095990
0.000000 0.000000 0.995639 0.094733 0.996535 0.097242 6.059386 0.095989
0.000000 0.000000 0.995035 0.101030 0.995730 0.103608 6.396678 0.095989
0.000000 0.000000 0.994391 0.107322 0.994881 0.109953 6.733970 0.095988
0.000000 0.000000 0.993709 0.113611 0.993990 0.116278 7.071262 0.095987
0.000000 0.000000 0.992987 0.119896 0.993058 0.122582 7.408555 0.095986
0.000000 0.000000 0.992226 0.126176 0.992086 0.128865 7.745847 0.095986
0.000000 0.000000 0.991426 0.132451 0.991075 0.135127 8.083139 0.095985
0.000000 0.000000 0.990587 0.138721 0.990028 0.141367 8.420432 0.095984
0.000000 0.000000 0.989709 0.144986 0.988944 0.147586 8.757725 0.095984
0.000000 0.000000 0.988792 0.151246 0.987826 0.153783 9.095017 0.095983
0.000000 0.000000 0.987836 0.157500 0.986675 0.159959 9.432310 0.095982
0.000000 0.000000 0.986841 0.163748 0.985491 0.166115 9.769603 0.095981
0.000000 0.000000 0.985807 0.169990 0.984276 0.172250 10.106895 0.095981
0.000000 0.000000 0.984734 0.176225 0.983031 0.178365 10.444188 0.095980
0.000000 0.000000 0.983622 0.182453 0.981757 0.184460 10.781481 0.095979
0.000000 0.000000 0.982471 0.188675 0.980454 0.190537 11.118773 0.095979
0.000000 0.000000 0.981282 0.194889 0.979124 0.196595 11.456066 0.095978
0.000000 0.000000 0.980053 0.201096 0.977768 0.202635 11.793359 0.095977
0.000000 0.000000 0.978786 0.207294 0.976386 0.208659 12.130651 0.095976
0.000000 0.000000 0.977481 0.213485 0.974978 0.214667 12.467944 0.095976
0.000000 0.000000 0.976136 0.219668 0.973545 0.220659 12.805237 0.095975
0.000000 0.000000 0.974753 0.225842 0.972089 0.226637 13.142529 0.095974
0.000000 0.000000 0.973331 0.232007 0.970608 0.232602 13.479822 0.095974
0.000000 0.000000 0.971871 0.238164 0.969104 0.238553 13.817115 0.095973
0.000000 0.000000 0.970373 0.244310 0.967576 0.244493 14.154408 0.095972
0.000000 0.000000 0.968836 0.250448 0.966025 0.250423 14.491700 0.095971
0.000000 0.000000 0.967261 0.256575 0.964451 0.256342 14.828993 0.095971
0.000000 0.000000 0.965647 0.262693 0.962853 0.262252 15.166286 0.095970
0.000000 0.000000 0.963995 0.268800 0.961232 0.268154 15.503578 0.095969
0.000000 0.000000 0.962306 0.274897 0.959587 0.274049 15.840871 0.095969
0.000000 0.000000 0.960578 0.280982 0.957918 0.279937 16.178164 0.095968
0.000000 0.000000 0.958812 0.287057 0.956225 0.285819 16.515455 0.095967
0.000000 0.000000 0.957009 0.293121 0.954506 0.291696 16.852747 0.095966
0.000000 0.000000 0.955167 0.299172 0.952762 0.297568 17.190039 0.095966
0.000000 0.000000 0.953288 0.305212 0.950993 0.303436 17.527330 0.095965
0.000000 0.000000 0.951371 0.311240 0.949197 0.309301 17.864622 0.095964
0.000000 0.000000 0.949417 0.317256 0.947374 0.315162 18.201914 0.095964
0.000000 0.000000 0.947426 0.323259 0.945523 0.321021 18.539206 0.095963
0.000000 0.000000 0.945396 0.329249 0.943643 0.326878 18.876497 0.095962
0.000000 0.000000 0.943330 0.335227 0.941735 0.332733 19.213789 0.095961
0.000000 0.000000 0.941227 0.341191 0.939796 0.338585 19.551081 0.095961
0.000000 0.000000 0.939086 0.347141 0.937828 0.344436 19.888372 0.095960
0.000000 0.000000 0.936909 0.353078 0.935827 0.350286 20.225664 0.095959
0.000000 0.000000 0.934694 0.359001 0.933795 0.356134 20.562956 0.095959
0.000000 0.000000 0.932443 0.364909 0.931730 0.361981 20.900248 0.095958
0.000000 0.000000 0.930155 0.370803 0.929631 0.367826 21.237539 0.095957
0.000000 0.000000 0.927831 0.376683 0.927498 0.373669 21.574831 0.095956
0.000000 0.000000 0.925470 0.382547 0.925330 0.379510 21.912123 0.095956
0.000000 0.000000 0.923073 0.388397 0.923126 0.385349 22.249414 0.095955
0.000000 0.000000 0.920639 0.394231 0.920886 0.391186 22.586706 0.095954
0.000000 0.000000 0.918170 0.400049 0.918608 0.397020 22.923998 0.095954
0.000000 0.000000 0.915664 0.405852 0.916293 0.402851 23.261290 0.095953
0.000000 0.000000 0.913123 0.411638 0.913939 0.408678 23.598581 0.095952
0.000000 0.000000 0.910545 0.417409 0.911546 0.414502 23.935873 0.095951
0.000000 0.000000 0.907932 0.423163 0.909114 0.420322 24.273165 0.095951
0.000000 0.000000 0.905284 0.428900 0.906641 0.426136 24.610456 0.095950
0.000000 0.000000 0.902600 0.434620 0.904127 0.431945 24.947748 0.095949
0.000000 0.000000 0.899880 0.440323 0.901571 0.437748 25.285040 0.095949
0.000000 0.000000 0.897126 0.446009 0.898974 0.443545 25.622332 0.095948
0.000000 0.000000 0.894336 0.451677 0.896333 0.449334 25.959623 0.095947
0.000000 0.000000 0.891511 0.457327 0.893650 0.455115 26.296915 0.095946
0.000000 0.000000 0.888652 0.462960 0.890923 0.460888 26.634207 0.095946
0.000000 0.000000 0.885758 0.468574 0.888153 0.466651 26.971498 0.095945
0.000000 0.000000 0.882829 0.474170 0.885337 0.472404 27.308790 0.095944
0.000000 0.000000 0.879865 0.479747 0.882477 0.478146 27.646082 0.095944
0.000000 0.000000 0.876868 0.485305 0.879572 0.483876 27.983374 0.095943
0.000000 0.000000 0.873836 0.490844 0.876622 0.489593 28.320665 0.095942
0.000000 0.000000 0.870770 0.496364 0.873626 0.495297 28.657957 0.095941
0.000000 0.000000 0.867670 0.501865 0.870584 0.500986 28.995249 0.095941
0.000000 0.000000 0.864536 0.507346 0.867496 0.506659 29.332541 0.095940
0.000000 0.000000 0.861369 0.512807 0.864361 0.512315 29.669832 0.095939
0.000000 0.000000 0.858168 0.518248 0.861181 0.517954 30.007124 0.095939
0.000000 0.000000 0.854933 0.523668 0.857954 0.523575 30.344416 0.095938
0.000000 0.000000 0.851666 0.529068 0.854680 0.529175 30.681707 0.095937
0.000000 0.000000 0.848365 0.534448 0.851361 0.534755 31.018999 0.095936
0.000000 0.000000 0.845031 0.539807 0.847996 0.540313 31.356291 0.095936
0.000000 0.000000 0.841664 0.545145 0.844584 0.545847 31.693583 0.095935
0.000000 0.000000 0.838264 0.550461 0.841128 0.551358 32.030876 0.095934
0.000001 0.000000 0.834832 0.555756 0.837626 0.556844 32.368168 0.095934
0.000001 0.000000 0.831367 0.561029 0.834079 0.562303 32.705460 0.095933
0.000001 0.000000 0.827870 0.566281 0.830488 0.567736 33.042751 0.095932
0.000001 0.000000 0.824340 0.571511 0.826853 0.573140 33.380043 0.095931
0.000001 0.000000 0.820779 0.576718 0.823175 0.578515 33.717335 0.095931
0.000001 0.000000 0.817186 0.581903 0.819454 0.583859 34.054626 0.095930
0.000001 0.000000 0.813560 0.587065 0.815692 0.589173 34.391918 0.095929
0.000001 0.000000 0.809904 0.592205 0.811888 0.594455 34.729210 0.095929
0.000001 0.000000 0.806215 0.597322 0.808044 0.599703 35.066502 0.095928
0.000001 0.000000 0.802495 0.602415 0.804161 0.604919 35.403793 0.095927
0.000001 0.000000 0.798744 0.607485 0.800239 0.610100 35.741085 0.095926
0.000001 0.000000 0.794962 0.612532 0.796280 0.615247 36.078377 0.095926
0.000001 0.000000 0.791149 0.617555 0.792284 0.620358 36.415668 0.095925
0.000001 0.000000 0.787305 0.622554 0.788253 0.625433 36.752960 0.095924
0.000001 0.000000 0.783431 0.627529 0.784186 0.630472 37.090252 0.095924
0.000001 0.000000 0.779525 0.632479 0.780086 0.635473 37.427544 0.095923
0.000001 0.000000 0.775590 0.637406 0.775954 0.640438 37.764835 0.095922
0.000001 0.000000 0.771624 0.642307 0.771789 0.645366 38.102127 0.095921
0.000001 0.000000 0.767628 0.647184 0.767594 0.650256 38.439419 0.095921
0.000001 0.000000 0.763603 0.652036 0.763369 0.655108 38.776711 0.095920
0.000001 0.000000 0.759547 0.656862 0.759115 0.659923 39.114002 0.095919
0.000001 0.000000 0.755462 0.661663 0.754834 0.664699 39.451294 0.095919
0.000001 0.000000 0.751348 0.666439 0.750526 0.669438 39.788586 0.095918
0.000001 0.000000 0.747204 0.671189 0.746191 0.674139 40.125877 0.095917
0.000001 0.000000 0.743031 0.675912 0.741832 0.678803 40.463169 0.095916
0.000001 0.000000 0.738829 0.680610 0.737448 0.683429 40.800461 0.095916
0.000001 0.000000 0.734598 0.685281 0.733041 0.688017 41.137753 0.095915
0.000001 0.000000 0.730339 0.689926 0.728611 0.692569 41.475044 0.095914
0.000001 0.000000 0.726051 0.694545 0.724159 0.697083 41.812336 0.095914
0.000001 0.000000 0.721734 0.699136 0.719686 0.701561 42.149628 0.095913
0.000001 0.000000 0.717390 0.703700 0.715192 0.706003 42.486919 0.095912
0.000001 0.000000 0.713017 0.708238 0.710679 0.710409 42.824211 0.095911
0.000001 0.000000 0.708617 0.712747 0.706147 0.714779 43.161503 0.095911
0.000001 0.000000 0.704189 0.717230 0.701596 0.719114 43.498795 0.095910
0.000001 0.000000 0.699734 0.721684 0.697027 0.723415 43.836086 0.095909
0.000001 0.000000 0.695251 0.726111 0.692440 0.727681 44.173378 0.095909
0.000001 0.000000 0.690741 0.730509 0.687836 0.731912 44.510670 0.095908
0.000001 0.000000 0.686205 0.734880 0.683216 0.736111 44.847961 0.095907
0.000001 0.000000 0.681641 0.739221 0.678580 0.740276 45.185253 0.095906
0.000001 0.000000 0.677051 0.743535 0.673927 0.744409 45.522545 0.095906
0.000001 0.000000 0.672434 0.747819 0.669260 0.748510 45.859837 0.095905
0.000001 0.000000 0.667791 0.752075 0.664577 0.752579 46.197128 0.095904
0.000001 0.000000 0.663123 0.756301 0.659879 0.756617 46.534420 0.095904
0.000001 0.000000 0.658428 0.760499 0.655167 0.760624 46.871712 0.095903
0.000001 0.000000 0.653708 0.764666 0.650440 0.764602 47.209003 0.095902
0.000001 0.000000 0.648962 0.768805 0.645699 0.768549 47.546295 0.095901
0.000001 0.000000 0.644191 0.772913 0.640944 0.772468 47.883587 0.095901
0.000001 0.000000 0.639394 0.776992 0.636174 0.776357 48.220879 0.095900
0.000001 0.000000 0.634573 0.781040 0.631391 0.780219 48.558170 0.095899
0.000001 0.000000 0.629728 0.785059 0.626594 0.784052 48.895462 0.095899
0.000001 0.000000 0.624857 0.789047 0.621782 0.787859 49.232754 0.095898
0.000001 0.000000 0.619963 0.793004 0.616957 0.791638 49.570045 0.095897
0.000001 0.000000 0.615044 0.796931 0.612117 0.795392 49.907337 0.095896
0.000001 0.000000 0.610101 0.800827 0.607263 0.799119 50.244629 0.095896
0.000001 0.000000 0.605135 0.804691 0.602395 0.802820 50.581921 0.095895
0.000001 0.000000 0.600145 0.808525 0.597512 0.806496 50.919212 0.095894
0.000001 0.000000 0.595132 0.812328 0.592615 0.810147 51.256504 0.095894
0.000001 0.000000 0.590095 0.816099 0.587702 0.813774 51.593796 0.095893
0.000001 0.000000 0.585036 0.819838 0.582774 0.817376 51.931087 0.095892
0.000001 0.000000 0.579954 0.823546 0.577831 0.820954 52.268379 0.095891
0.000001 0.000000 0.574850 0.827222 0.572872 0.824508 52.605671 0.095891
0.000001 0.000000 0.569723 0.830866 0.567897 0.828039 52.942963 0.095890
0.000001 0.000000 0.564574 0.834478 0.562905 0.831546 53.280254 0.095889
0.000001 0.000000 0.559403 0.838058 0.557897 0.835030 53.617546 0.095888
0.000001 0.000000 0.554211 0.841605 0.552871 0.838490 53.954838 0.095888
0.000001 0.000000 0.548997 0.845120 0.547829 0.841927 54.292130 0.095887
0.000001 0.000000 0.543762 0.848602 0.542768 0.845342 54.629421 0.095886
0.000001 0.000000 0.538507 0.852051 0.537690 0.848733 54.966713 0.095886
0.000001 0.000000 0.533230 0.855468 0.532593 0.852100 55.304005 0.095885
0.000001 0.000001 0.527932 0.858851 0.527477 0.855445 55.641296 0.095884
0.000001 0.000001 0.522615 0.862201 0.522342 0.858767 55.978588 0.095883
0.000001 0.000001 0.517277 0.865518 0.517188 0.862065 56.315880 0.095883
0.000001 0.000001 0.511919 0.868802 0.512014 0.865339 56.653172 0.095882
0.000002 0.000001 0.506542 0.872052 0.506820 0.868590 56.990463 0.095881
0.000002 0.000001 0.501145 0.875268 0.501606 0.871817 57.327755 0.095881
0.000002 0.000001 0.495729 0.878451 0.496370 0.875020 57.665047 0.095880
0.000002 0.000001 0.490293 0.881600 0.491114 0.878199 58.002338 0.095879
0.000002 0.000001 0.484839 0.884715 0.485837 0.881353 58.339630 0.095878
0.000002 0.000001 0.479366 0.887796 0.480538 0.884482 58.676922 0.095878
0.000002 0.000001 0.473875 0.890843 0.475218 0.887587 59.014214 0.095877
0.000002 0.000001 0.468366 0.893855 0.469875 0.890665 59.351505 0.095876
0.000002 0.000001 0.462839 0.896833 0.464511 0.893719 59.688797 0.095876
0.000002 0.000001 0.457294 0.899777 0.459123 0.896746 60.026089 0.095875
0.000002 0.000001 0.451731 0.902686 0.453714 0.899746 60.363380 0.095874
0.000002 0.000001 0.446151 0.905560 0.448282 0.902720 60.700672 0.095873
0.000002 0.000001 0.440554 0.908400 0.442826 0.905667 61.037964 0.095873
0.000002 0.000001 0.434941 0.911204 0.437348 0.908586 61.375256 0.095872
0.000002 0.000001 0.429310 0.913974 0.431847 0.911477 61.712547 0.095871
0.000002 0.000001 0.423664 0.916709 0.426322 0.914339 62.049839 0.095871
0.000002 0.000001 0.418001 0.919408 0.420775 0.917173 62.387131 0.095870
0.000002 0.000001 0.412322 0.922072 0.415203 0.919978 62.724422 0.095869
0.000002 0.000001 0.406627 0.924701 0.409609 0.922753 63.061714 0.095868
0.000002 0.000001 0.400917 0.927295 0.403990 0.925498 63.399006 0.095868
0.000002 0.000001 0.395192 0.929853 0.398349 0.928212 63.736298 0.095867
0.000002 0.000001 0.389452 0.932375 0.392683 0.930895 64.073593 0.095866
0.000002 0.000001 0.383696 0.934862 0.386995 0.933546 64.410889 0.095866
0.000002 0.000001 0.377927 0.937313 0.381282 0.936165 64.748184 0.095865
0.000002 0.000001 0.372143 0.939729 0.375546 0.938752 65.085480 0.095864
0.000002 0.000001 0.366344 0.942108 0.369787 0.941306 65.422775 0.095863
0.000002 0.000001 0.360532 0.944451 0.364005 0.943826 65.760071 0.095863
0.000002 0.000001 0.354706 0.946759 0.358199 0.946312 66.097366 0.095862
0.000002 0.000001 0.348867 0.949030 0.352370 0.948763 66.434662 0.095861
0.000002 0.000001 0.343015 0.951265 0.346518 0.951178 66.771957 0.095861
0.000002 0.000001 0.337149 0.953464 0.340644 0.953558 67.109253 0.095860
0.000002 0.000001 0.331271 0.955626 0.334746 0.955902 67.446548 0.095859
0.000002 0.000001 0.325380 0.957752 0.328826 0.958209 67.783844 0.095858
0.000002 0.000001 0.319477 0.959842 0.322884 0.960478 68.121140 0.095858
0.000002 0.000001 0.313562 0.961895 0.316920 0.962709 68.458435 0.095857
0.000002 0.000001 0.307635 0.963911 0.310935 0.964901 68.795731 0.095856
0.000002 0.000001 0.301696 0.965891 0.304928 0.967055 69.133026 0.095856
0.000002 0.000001 0.295746 0.967834 0.298900 0.969168 69.470322 0.095855
0.000002 0.000001 0.289785 0.969741 0.292851 0.971241 69.807617 0.095854
0.000002 0.000001 0.283812 0.971611 0.286782 0.973272 70.144913 0.095853
0.000002 0.000001 0.277829 0.973443 0.280693 0.975262 70.482208 0.095853
0.000002 0.000001 0.271836 0.975239 0.274585 0.977210 70.819504 0.095852
0.000002 0.000001 0.265832 0.976998 0.268458 0.979116 71.156799 0.095851
0.000002 0.000001 0.259819 0.978720 0.262313 0.980977 71.494095 0.095851
0.000002 0.000001 0.253795 0.980405 0.256150 0.982795 71.831390 0.095850
0.000002 0.000001 0.247762 0.982052 0.249970 0.984569 72.168686 0.095849
0.000002 0.000001 0.241720 0.983663 0.243773 0.986298 72.505981 0.095848
0.000002 0.000001 0.235668 0.985236 0.237561 0.987981 72.843277 0.095848
0.000002 0.000001 0.229608 0.986772 0.231333 0.989618 73.180573 0.095847
0.000002 0.000001 0.223538 0.988271 0.225091 0.991210 73.517868 0.095846
0.000002 0.000001 0.217461 0.989733 0.218836 0.992754 73.855164 0.095846
0.000002 0.000001 0.211375 0.991157 0.212568 0.994252 74.192459 0.095845
0.000002 0.000001 0.205281 0.992543 0.206287 0.995702 74.529755 0.095844
0.000002 0.000001 0.199180 0.993893 0.199996 0.997105 74.867050 0.095843
0.000002 0.000001 0.193071 0.995205 0.193694 0.998460 75.204346 0.095843
0.000002 0.000001 0.186954 0.996479 0.187383 0.999767 75.541641 0.095842
0.000002 0.000001 0.180831 0.997715 0.181064 1.001026 75.878937 0.095841
0.000003 0.000001 0.174700 0.998915 0.174736 1.002237 76.216232 0.095841
0.000003 0.000001 0.168563 1.000076 0.168402 1.003400 76.553528 0.095840
0.000003 0.000001 0.162420 1.001200 0.162062 1.004514 76.890823 0.095839
0.000003 0.000001 0.156270 1.002286 0.155717 1.005580 77.228119 0.095838
0.000003 0.000001 0.150115 1.003334 0.149368 1.006598 77.565414 0.095838
0.000003 0.000001 0.143953 1.004345 0.143015 1.007568 77.902710 0.095837
0.000003 0.000001 0.137786 1.005318 0.136660 1.008490 78.240005 0.095836
0.000003 0.000001 0.131614 1.006253 0.130303 1.009365 78.577301 0.095836
0.000003 0.000001 0.125437 1.007150 0.123945 1.010192 78.914597 0.095835
0.000003 0.000001 0.119255 1.008010 0.117586 1.010973 79.251892 0.095834
0.000003 0.000001 0.113068 1.008831 0.111229 1.011706 79.589188 0.095833
0.000003 0.000001 0.106878 1.009615 0.104872 1.012393 79.926483 0.095833
0.000003 0.000001 0.100682 1.010361 0.098518 1.013034 80.263779 0.095832
0.000003 0.000001 0.094483 1.011068 0.092166 1.013629 80.601074 0.095831
0.000003 0.000001 0.088281 1.011738 0.085817 1.014179 80.938370 0.095831
0.000003 0.000001 0.082075 1.012370 0.079471 1.014684 81.275665 0.095830
0.000003 0.000002 0.075865 1.012964 0.073130 1.015145 81.612961 0.095829
0.000003 0.000002 0.069653 1.013520 0.066794 1.015561 81.950256 0.095828
0.000003 0.000002 0.063438 1.014037 0.060463 1.015934 82.287552 0.095828
0.000003 0.000002 0.057220 1.014517 0.054137 1.016263 82.624847 0.095827
0.000003 0.000002 0.051000 1.014959 0.047818 1.016550 82.962143 0.095826
0.000003 0.000002 0.044779 1.015362 0.041505 1.016795 83.299438 0.095826
0.000003 0.000002 0.038555 1.015728 0.035200 1.016998 83.636734 0.095825
0.000003 0.000002 0.032329 1.016055 0.028901 1.017159 83.974030 0.095824
0.000003 0.000002 0.026103 1.016344 0.022610 1.017280 84.311325 0.095823
0.000003 0.000002 0.019875 1.016595 0.016326 1.017359 84.648621 0.095823
0.000003 0.000002 0.013646 1.016809 0.010051 1.017399 84.985916 0.095822
0.000003 0.000002 0.007417 1.016984 0.003785 1.017400 85.323212 0.095821
0.000003 0.000002 0.001187 1.017121 -0.002473 1.017361 85.660507 0.095821
0.000003 0.000002 -0.005043 1.017219 -0.008723 1.017283 85.997803 0.095820
0.000003 0.000002 -0.011273 1.017280 -0.014963 1.017167 86.335098 0.095819
0.000003 0.000002 -0.017503 1.017303 -0.021194 1.017014 86.672394 0.095818
0.000003 0.000002 -0.023732 1.017287 -0.027416 1.016822 87.009689 0.095818
0.000003 0.000002 -0.029960 1.017234 -0.033628 1.016594 87.346985 0.095817
0.000003 0.000002 -0.036188 1.017142 -0.039830 1.016329 87.684280 0.095816
0.000003 0.000002 -0.042414 1.017012 -0.046023 1.016028 88.021576 0.095816
0.000003 0.000002 -0.048639 1.016845 -0.052206 1.015691 88.358871 0.095815
0.000003 0.000002 -0.054862 1.016639 -0.058379 1.015318 88.696167 0.095814
0.000003 0.000002 -0.061083 1.016395 -0.064542 1.014910 89.033463 0.095813
0.000003 0.000002 -0.067302 1.016114 -0.070694 1.014467 89.370758 0.095813
0.000003 0.000002 -0.073519 1.015794 -0.076837 1.013990 89.708054 0.095812
0.000003 0.000002 -0.079733 1.015436 -0.082969 1.013479 90.045349 0.095811
0.000003 0.000002 -0.085944 1.015041 -0.089092 1.012934 90.382645 0.095811
0.000003 0.000002 -0.092152 1.014607 -0.095204 1.012356 90.719940 0.095810
0.000003 0.000002 -0.098357 1.014136 -0.101306 1.011744 91.057236 0.095809
0.000003 0.000002 -0.104558 1.013626 -0.107397 1.011100 91.394531 0.095808
0.000003 0.000002 -0.110756 1.013079 -0.113479 1.010423 91.731827 0.095808
0.000003 0.000002 -0.116949 1.012494 -0.119550 1.009714 92.069122 0.095807
0.000003 0.000002 -0.123139 1.011872 -0.125612 1.008973 92.406418 0.095806
0.000003 0.000002 -0.129323 1.011211 -0.131663 1.008200 92.743713 0.095806
0.000003 0.000002 -0.135503 1.010513 -0.137704 1.007396 93.081009 0.095805
0.000003 0.000002 -0.141678 1.009777 -0.143736 1.006560 93.418304 0.095804
0.000003 0.000002 -0.147848 1.009004 -0.149758 1.005694 93.755600 0.095803
0.000004 0.000002 -0.154013 1.008193 -0.155770 1.004797 94.092896 0.095803
0.000004 0.000002 -0.160172 1.007344 -0.161772 1.003869 94.430191 0.095802
0.000004 0.000002 -0.166325 1.006458 -0.167765 1.002912 94.767487 0.095801
0.000004 0.000002 -0.172472 1.005535 -0.173749 1.001924 95.104782 0.095801
0.000004 0.000002 -0.178612 1.004573 -0.179723 1.000906 95.442078 0.095800
0.000004 0.000002 -0.184746 1.003575 -0.185688 0.999858 95.779373 0.095799
0.000004 0.000002 -0.190873 1.002539 -0.191645 0.998780 96.116669 0.095798
0.000004 0.000002 -0.196994 1.001466 -0.197592 0.997673 96.453964 0.095798
0.000004 0.000002 -0.203107 1.000356 -0.203531 0.996536 96.791260 0.095797
0.000004 0.000002 -0.209212 0.999209 -0.209462 0.995371 97.128555 0.095796
0.000004 0.000002 -0.215310 0.998024 -0.215384 0.994175 97.465851 0.095796
0.000004 0.000002 -0.221400 0.996802 -0.221297 0.992951 97.803146 0.095795
0.000004 0.000003 -0.227481 0.995544 -0.227203 0.991697 98.140442 0.095794
0.000004 0.000003 -0.233555 0.994248 -0.233100 0.990414 98.477737 0.095793
0.000004 0.000003 -0.239619 0.992916 -0.238990 0.989102 98.815033 0.095793
0.000004 0.000003 -0.245675 0.991546 -0.244872 0.987761 99.152328 0.095792
0.000004 0.000003 -0.251722 0.990140 -0.250747 0.986390 99.489624 0.095791
0.000004 0.000003 -0.257759 0.988697 -0.256614 0.984991 99.826920 0.095791
0.000004 0.000003 -0.263787 0.987218 -0.262474 0.983562 100.164215 0.095790
0.000004 0.000003 -0.269805 0.985702 -0.268327 0.982103 100.501511 0.095789
0.000004 0.000003 -0.275814 0.984149 -0.274173 0.980615 100.838806 0.095788
0.000004 0.000003 -0.281812 0.982560 -0.280011 0.979098 101.176102 0.095788
0.000004 0.000003 -0.287799 0.980935 -0.285843 0.977551 101.513397 0.095787
0.000004 0.000003 -0.293776 0.979273 -0.291668 0.975974 101.850693 0.095786
0.000004 0.000003 -0.299742 0.977575 -0.297486 0.974368 102.187988 0.095785
0.000004 0.000003 -0.305697 0.975841 -0.303298 0.972731 102.525284 0.095785
0.000004 0.000003 -0.311641 0.974071 -0.309103 0.971065 102.862579 0.095784
0.000004 0.000003 -0.317574 0.972265 -0.314901 0.969368 103.199875 0.095783
0.000004 0.000003 -0.323494 0.970423 -0.320693 0.967640 103.537170 0.095783
0.000004 0.000003 -0.329403 0.968545 -0.326479 0.965882 103.874466 0.095782
0.000004 0.000003 -0.335299 0.966632 -0.332257 0.964093 104.211761 0.095781
0.000004 0.000003 -0.341183 0.964683 -0.338030 0.962273 104.549057 0.095780
0.000004 0.000003 -0.347055 0.962698 -0.343795 0.960422 104.886353 0.095780
0.000004 0.000003 -0.352913 0.960678 -0.349554 0.958540 105.223648 0.095779
0.000004 0.000003 -0.358759 0.958622 -0.355306 0.956626 105.560944 0.095778
0.000004 0.000003 -0.364591 0.956531 -0.361052 0.954680 105.898239 0.095778
0.000004 0.000003 -0.370410 0.954405 -0.366791 0.952702 106.235535 0.095777
0.000004 0.000003 -0.376216 0.952244 -0.372523 0.950693 106.572830 0.095776
0.000004 0.000003 -0.382007 0.950048 -0.378248 0.948651 106.910126 0.095775
0.000004 0.000003 -0.387785 0.947817 -0.383966 0.946576 107.247421 0.095775
0.000004 0.000003 -0.393548 0.945551 -0.389676 0.944469 107.584717 0.095774
0.000004 0.000003 -0.399296 0.943250 -0.395380 0.942329 107.922012 0.095773
0.000004 0.000003 -0.405030 0.940915 -0.401075 0.940156 108.259308 0.095773
0.000004 0.000003 -0.410749 0.938545 -0.406764 0.937949 108.596603 0.095772
0.000004 0.000003 -0.416453 0.936140 -0.412444 0.935709 108.933899 0.095771
0.000004 0.000003 -0.422142 0.933702 -0.418117 0.933435 109.271194 0.095770
0.000004 0.000003 -0.427815 0.931229 -0.423781 0.931128 109.608490 0.095770
0.000004 0.000003 -0.433472 0.928722 -0.429437 0.928786 109.945786 0.095769
0.000004 0.000003 -0.439113 0.926181 -0.435085 0.926410 110.283081 0.095768
0.000004 0.000003 -0.444739 0.923606 -0.440724 0.924000 110.620377 0.095768
0.000004 0.000003 -0.450348 0.920997 -0.446354 0.921555 110.957672 0.095767
0.000004 0.000003 -0.455940 0.918354 -0.451975 0.919075 111.294968 0.095766
0.000004 0.000004 -0.461516 0.915678 -0.457586 0.916560 111.632263 0.095765
0.000004 0.000004 -0.467074 0.912969 -0.463188 0.914010 111.969559 0.095765
0.000004 0.000004 -0.472616 0.910226 -0.468780 0.911425 112.306854 0.095764
0.000004 0.000004 -0.478140 0.907450 -0.474362 0.908804 112.644150 0.095763
0.000005 0.000004 -0.483647 0.904640 -0.479934 0.906148 112.981445 0.095763
0.000005 0.000004 -0.489136 0.901798 -0.485495 0.903455 113.318741 0.095762
0.000005 0.000004 -0.494607 0.898923 -0.491044 0.900727 113.656036 0.095761
0.000005 0.000004 -0.500060 0.896015 -0.496583 0.897962 113.993332 0.095760
0.000005 0.000004 -0.505495 0.893074 -0.502110 0.895161 114.330627 0.095760
0.000005 0.000004 -0.510911 0.890101 -0.507625 0.892323 114.667923 0.095759
0.000005 0.000004 -0.516309 0.887095 -0.513128 0.889449 115.005219 0.095758
0.000005 0.000004 -0.521688 0.884057 -0.518619 0.886538 115.342514 0.095758
0.000005 0.000004 -0.527047 0.880987 -0.524096 0.883590 115.679810 0.095757
0.000005 0.000004 -0.532388 0.877885 -0.529561 0.880604 116.017105 0.095756
0.000005 0.000004 -0.537709 0.874751 -0.535011 0.877582 116.354401 0.095755
0.000005 0.000004 -0.543010 0.871585 -0.540448 0.874522 116.691696 0.095755
0.000005 0.000004 -0.548292 0.868387 -0.545870 0.871424 117.028992 0.095754
0.000005 0.000004 -0.553553 0.865158 -0.551278 0.868289 117.366287 0.095753
0.000005 0.000004 -0.558795 0.861897 -0.556670 0.865115 117.703583 0.095753
0.000005 0.000004 -0.564016 0.858605 -0.562046 0.861904 118.040878 0.095752
0.000005 0.000004 -0.569216 0.855282 -0.567406 0.858655 118.378174 0.095751
0.000005 0.000004 -0.574396 0.851928 -0.572750 0.855368 118.715469 0.095750
0.000005 0.000004 -0.579555 0.848543 -0.578077 0.852042 119.052765 0.095750
0.000005 0.000004 -0.584693 0.845128 -0.583386 0.848678 119.390060 0.095749
0.000005 0.000004 -0.589810 0.841681 -0.588677 0.845276 119.727356 0.095748
0.000005 0.000004 -0.594905 0.838205 -0.593949 0.841835 120.064651 0.095748
0.000005 0.000004 -0.599979 0.834697 -0.599202 0.838356 120.401947 0.095747
0.000005 0.000004 -0.605031 0.831160 -0.604435 0.834838 120.739243 0.095746
0.000005 0.000004 -0.610061 0.827593 -0.609648 0.831282 121.076538 0.095745
0.000005 0.000004 -0.615068 0.823995 -0.614840 0.827688 121.413834 0.095745
0.000005 0.000004 -0.620054 0.820368 -0.620011 0.824054 121.751129 0.095744
0.000005 0.000004 -0.625017 0.816711 -0.625159 0.820383 122.088425 0.095743
0.000005 0.000004 -0.629957 0.813025 -0.630285 0.816674 122.425720 0.095743
0.000005 0.000004 -0.634875 0.809309 -0.635388 0.812926 122.763016 0.095742
0.000005 0.000005 -0.639770 0.805564 -0.640466 0.809140 123.100311 0.095741
0.000005 0.000005 -0.644641 0.801790 -0.645520 0.805317 123.437607 0.095740
0.000005 0.000005 -0.649490 0.797987 -0.650549 0.801455 123.774902 0.095740
0.000005 0.000005 -0.654315 0.794155 -0.655552 0.797557 124.112198 0.095739
0.000005 0.000005 -0.659116 0.790295 -0.660529 0.793621 124.449493 0.095738
0.000005 0.000005 -0.663893 0.786406 -0.665478 0.789649 124.786789 0.095738
0.000005 0.000005 -0.668647 0.782489 -0.670400 0.785640 125.124084 0.095737
0.000005 0.000005 -0.673377 0.778543 -0.675293 0.781595 125.461380 0.095736
0.000005 0.000005 -0.678082 0.774569 -0.680158 0.777514 125.798676 0.095735
0.000005 0.000005 -0.682763 0.770568 -0.684993 0.773398 126.135971 0.095735
0.000005 0.000005 -0.687419 0.766539 -0.689798 0.769247 126.473267 0.095734
0.000005 0.000005 -0.692050 0.762482 -0.694572 0.765061 126.810562 0.095733
0.000005 0.000005 -0.696657 0.758397 -0.699315 0.760842 127.147858 0.095733
0.000005 0.000005 -0.701239 0.754286 -0.704027 0.756589 127.485153 0.095732
0.000005 0.000005 -0.705795 0.750147 -0.708707 0.752304 127.822449 0.095731
0.000005 0.000005 -0.710326 0.745981 -0.713354 0.747986 128.159744 0.095730
0.000005 0.000005 -0.714832 0.741788 -0.717968 0.743636 128.497040 0.095730
0.000005 0.000005 -0.719312 0.737569 -0.722549 0.739255 128.834335 0.095729
0.000005 0.000005 -0.723766 0.733323 -0.727096 0.734844 129.171631 0.095728
0.000005 0.000005 -0.728194 0.729050 -0.731610 0.730402 129.508926 0.095728
0.000005 0.000005 -0.732596 0.724751 -0.736089 0.725932 129.846222 0.095727
0.000005 0.000005 -0.736972 0.720427 -0.740534 0.721432 130.183517 0.095726
0.000005 0.000005 -0.741321 0.716076 -0.744944 0.716904 130.520813 0.095725
0.000005 0.000005 -0.745644 0.711699 -0.749319 0.712349 130.858109 0.095725
0.000005 0.000005 -0.749940 0.707297 -0.753660 0.707766 131.195404 0.095724
0.000005 0.000005 -0.754209 0.702870 -0.757965 0.703157 131.532700 0.095723
0.000005 0.000005 -0.758451 0.698417 -0.762234 0.698523 131.869995 0.095723
0.000005 0.000005 -0.762666 0.693939 -0.766468 0.693863 132.207291 0.095722
0.000005 0.000005 -0.766854 0.689435 -0.770667 0.689179 132.544586 0.095721
0.000005 0.000005 -0.771015 0.684908 -0.774830 0.684470 132.881882 0.095720
0.000005 0.000005 -0.775147 0.680355 -0.778958 0.679738 133.219177 0.095720
0.000005 0.000006 -0.779252 0.675778 -0.783050 0.674982 133.556473 0.095719
0.000005 0.000006 -0.783329 0.671177 -0.787106 0.670204 133.893768 0.095718
0.000005 0.000006 -0.787378 0.666551 -0.791126 0.665405 134.231064 0.095718
0.000005 0.000006 -0.791399 0.661902 -0.795111 0.660583 134.568359 0.095717
0.000005 0.000006 -0.795392 0.657228 -0.799061 0.655740 134.905655 0.095716
0.000005 0.000006 -0.799356 0.652531 -0.802975 0.650877 135.242950 0.095715
0.000005 0.000006 -0.803292 0.647811 -0.806853 0.645994 135.580246 0.095715
0.000005 0.000006 -0.807199 0.643067 -0.810696 0.641091 135.917542 0.095714
0.000006 0.000006 -0.811077 0.638300 -0.814504 0.636168 136.254837 0.095713
0.000006 0.000006 -0.814926 0.633511 -0.818276 0.631227 136.592133 0.095713
0.000006 0.000006 -0.818746 0.628698 -0.822013 0.626267 136.929428 0.095712
0.000006 0.000006 -0.822537 0.623863 -0.825715 0.621288 137.266724 0.095711
0.000006 0.000006 -0.826298 0.619005 -0.829382 0.616292 137.604019 0.095710
0.000006 0.000006 -0.830030 0.614125 -0.833015 0.611279 137.941315 0.095710
0.000006 0.000006 -0.833732 0.609223 -0.836612 0.606248 138.278610 0.095709
0.000006 0.000006 -0.837405 0.604299 -0.840174 0.601201 138.615906 0.095708
0.000006 0.000006 -0.841047 0.599354 -0.843702 0.596137 138.953201 0.095708
0.000006 0.000006 -0.844660 0.594386 -0.847196 0.591057 139.290497 0.095707
0.000006 0.000006 -0.848242 0.589398 -0.850655 0.585962 139.627792 0.095706
0.000006 0.000006 -0.851794 0.584388 -0.854080 0.580851 139.965088 0.095705
0.000006 0.000006 -0.855316 0.579358 -0.857470 0.575724 140.302383 0.095705
0.000006 0.000006 -0.858807 0.574306 -0.860827 0.570583 140.639679 0.095704
0.000006 0.000006 -0.862268 0.569234 -0.864149 0.565427 140.976974 0.095703
0.000006 0.000006 -0.865697 0.564141 -0.867438 0.560256 141.314270 0.095703
0.000006 0.000006 -0.869096 0.559028 -0.870693 0.555072 141.651566 0.095702
0.000006 0.000006 -0.872464 0.553895 -0.873914 0.549873 141.988861 0.095701
0.000006 0.000006 -0.875801 0.548743 -0.877102 0.544661 142.326157 0.095700
0.000006 0.000006 -0.879107 0.543570 -0.880256 0.539436 142.663452 0.095700
0.000006 0.000006 -0.882381 0.538378 -0.883377 0.534197 143.000748 0.095699
0.000006 0.000006 -0.885623 0.533167 -0.886465 0.528946 143.338043 0.095698
0.000006 0.000007 -0.888835 0.527936 -0.889520 0.523681 143.675339 0.095698
0.000006 0.000007 -0.892014 0.522687 -0.892542 0.518404 144.012634 0.095697
0.000006 0.000007 -0.895162 0.517418 -0.895531 0.513115 144.349930 0.095696
0.000006 0.000007 -0.898278 0.512132 -0.898488 0.507814 144.687225 0.095695
0.000006 0.000007 -0.901362 0.506827 -0.901412 0.502501 145.024521 0.095695
0.000006 0.000007 -0.904413 0.501503 -0.904303 0.497176 145.361816 0.095694
0.000006 0.000007 -0.907433 0.496162 -0.907162 0.491840 145.699112 0.095693
0.000006 0.000007 -0.910420 0.490803 -0.909989 0.486492 146.036407 0.095693
0.000006 0.000007 -0.913375 0.485426 -0.912784 0.481133 146.373703 0.095692
0.000006 0.000007 -0.916297 0.480032 -0.915548 0.475763 146.710999 0.095691
0.000006 0.000007 -0.919186 0.474621 -0.918279 0.470382 147.048294 0.095690
0.000006 0.000007 -0.922043 0.469193 -0.920979 0.464990 147.385590 0.095690
0.000006 0.000007 -0.924867 0.463747 -0.923647 0.459588 147.722885 0.095689
0.000006 0.000007 -0.927658 0.458286 -0.926283 0.454175 148.060181 0.095688
0.000006 0.000007 -0.930416 0.452808 -0.928889 0.448752 148.397476 0.095688
0.000006 0.000007 -0.933141 0.447313 -0.931463 0.443319 148.734772 0.095687
0.000006 0.000007 -0.935833 0.441803 -0.934006 0.437875 149.072067 0.095686
0.000006 0.000007 -0.938491 0.436277 -0.936519 0.432422 149.409363 0.095685
0.000006 0.000007 -0.941116 0.430735 -0.939000 0.426958 149.746658 0.095685
0.000006 0.000007 -0.943708 0.425178 -0.941451 0.421485 150.083954 0.095684
0.000006 0.000007 -0.946266 0.419605 -0.943872 0.416002 150.421249 0.095683
0.000006 0.000007 -0.948790 0.414018 -0.946262 0.410509 150.758545 0.095683
0.000006 0.000007 -0.951281 0.408415 -0.948621 0.405007 151.095840 0.095682
0.000006 0.000007 -0.953738 0.402799 -0.950951 0.399495 151.433136 0.095681
0.000006 0.000007 -0.956160 0.397167 -0.953250 0.393974 151.770432 0.095680
0.000006 0.000007 -0.958549 0.391522 -0.955519 0.388443 152.107727 0.095680
0.000006 0.000007 -0.960904 0.385862 -0.957759 0.382903 152.445023 0.095679
0.000006 0.000007 -0.963225 0.380189 -0.959969 0.377353 152.782318 0.095678
0.000006 0.000008 -0.965511 0.374502 -0.962148 0.371794 153.119614 0.095677
0.000006 0.000008 -0.967763 0.368802 -0.964299 0.366225 153.456909 0.095677
0.000006 0.000008 -0.969981 0.363089 -0.966420 0.360648 153.794205 0.095676
0.000006 0.000008 -0.972164 0.357362 -0.968511 0.355060 154.131500 0.095675
0.000006 0.000008 -0.974312 0.351623 -0.970573 0.349464 154.468796 0.095675
0.000006 0.000008 -0.976426 0.345872 -0.972605 0.343858 154.806091 0.095674
0.000006 0.000008 -0.978506 0.340108 -0.974609 0.338243 155.143387 0.095673
0.000006 0.000008 -0.980550 0.334332 -0.976582 0.332618 155.480682 0.095672
0.000006 0.000008 -0.982560 0.328544 -0.978527 0.326984 155.817978 0.095672
0.000006 0.000008 -0.984535 0.322744 -0.980443 0.321340 156.155273 0.095671
0.000006 0.000008 -0.986475 0.316933 -0.982329 0.315687 156.492569 0.095670
0.000006 0.000008 -0.988379 0.311110 -0.984186 0.310025 156.829865 0.095670
0.000006 0.000008 -0.990249 0.305277 -0.986014 0.304352 157.167160 0.095669
0.000006 0.000008 -0.992084 0.299432 -0.987812 0.298671 157.504456 0.095668
0.000006 0.000008 -0.993883 0.293577 -0.989582 0.292979 157.841751 0.095667
0.000006 0.000008 -0.995647 0.287712 -0.991322 0.287279 158.179047 0.095667
0.000006 0.000008 -0.997376 0.281836 -0.993033 0.281568 158.516342 0.095666
0.000006 0.000008 -0.999070 0.275950 -0.994714 0.275848 158.853638 0.095665
0.000006 0.000008 -1.000728 0.270054 -0.996366 0.270118 159.190933 0.095665
0.000006 0.000008 -1.002350 0.264149 -0.997989 0.264378 159.528229 0.095664
0.000006 0.000008 -1.003937 0.258235 -0.999582 0.258628 159.865524 0.095663
0.000006 0.000008 -1.005489 0.252311 -1.001145 0.252869 160.202820 0.095662
0.000006 0.000008 -1.007004 0.246378 -1.002679 0.247100 160.540115 0.095662
0.000006 0.000008 -1.008485 0.240437 -1.004183 0.241321 160.877411 0.095661
0.000006 0.000008 -1.009929 0.234487 -1.005657 0.235532 161.214706 0.095660
0.000006 0.000008 -1.011338 0.228528 -1.007101 0.229733 161.552002 0.095660
0.000006 0.000008 -1.012710 0.222562 -1.008515 0.223924 161.889297 0.095659
0.000006 0.000009 -1.014047 0.216588 -1.009899 0.218106 162.226593 0.095658
0.000006 0.000009 -1.015348 0.210606 -1.011252 0.212277 162.563889 0.095657
0.000006 0.000009 -1.016613 0.204616 -1.012575 0.206439 162.901184 0.095657
0.000006 0.000009 -1.017842 0.198620 -1.013867 0.200590 163.238480 0.095656
0.000006 0.000009 -1.019035 0.192616 -1.015128 0.194732 163.575775 0.095655
0.000006 0.000009 -1.020192 0.186606 -1.016359 0.188865 163.913071 0.095655
0.000006 0.000009 -1.021312 0.180589 -1.017558 0.182987 164.250366 0.095654
0.000006 0.000009 -1.022397 0.174565 -1.018726 0.177100 164.587662 0.095653
0.000006 0.000009 -1.023445 0.168536 -1.019863 0.171202 164.924957 0.095652
0.000006 0.000009 -1.024457 0.162500 -1.020968 0.165296 165.262253 0.095652
0.000006 0.000009 -1.025433 0.156459 -1.022041 0.159379 165.599548 0.095651
0.000006 0.000009 -1.026373 0.150412 -1.023082 0.153453 165.936844 0.095650
0.000006 0.000009 -1.027277 0.144360 -1.024092 0.147518 166.274139 0.095650
0.000006 0.000009 -1.028144 0.138303 -1.025069 0.141573 166.611435 0.095649
0.000006 0.000009 -1.028974 0.132241 -1.026014 0.135619 166.948730 0.095648
0.000006 0.000009 -1.029769 0.126174 -1.026926 0.129656 167.286026 0.095647
0.000006 0.000009 -1.030527 0.120103 -1.027805 0.123683 167.623322 0.095647
0.000006 0.000009 -1.031248 0.114028 -1.028652 0.117702 167.960617 0.095646
0.000006 0.000009 -1.031933 0.107949 -1.029465 0.111711 168.297913 0.095645
0.000006 0.000009 -1.032582 0.101865 -1.030245 0.105712 168.635208 0.095645
0.000006 0.000009 -1.033194 0.095779 -1.030991 0.099704 168.972504 0.095644
0.000006 0.000009 -1.033770 0.089689 -1.031704 0.093687 169.309799 0.095643
0.000006 0.000009 -1.034309 0.083596 -1.032383 0.087661 169.647095 0.095642
0.000006 0.000009 -1.034812 0.077500 -1.033028 0.081628 169.984390 0.095642
0.000006 0.000009 -1.035278 0.071401 -1.033639 0.075586 170.321686 0.095641
0.000006 0.000009 -1.035707 0.065299 -1.034215 0.069535 170.658981 0.095640
0.000006 0.000010 -1.036101 0.059196 -1.034757 0.063477 170.996277 0.095640
0.000006 0.000010 -1.036457 0.053090 -1.035264 0.057411 171.333572 0.095639
0.000006 0.000010 -1.036777 0.046983 -1.035735 0.051337 171.670868 0.095638
0.000006 0.000010 -1.037060 0.040874 -1.036172 0.045256 172.008163 0.095637
0.000006 0.000010 -1.037307 0.034763 -1.036573 0.039167 172.345459 0.095637
0.000006 0.000010 -1.037517 0.028652 -1.036939 0.033071 172.682755 0.095636
0.000006 0.000010 -1.037691 0.022539 -1.037268 0.026967 173.020050 0.095635
0.000006 0.000010 -1.037828 0.016426 -1.037562 0.020857 173.357346 0.095635
0.000006 0.000010 -1.037928 0.010312 -1.037820 0.014740 173.694641 0.095634
0.000006 0.000010 -1.037992 0.004198 -1.038041 0.008617 174.031937 0.095633
0.000006 0.000010 -1.038019 -0.001917 -1.038225 0.002487 174.369232 0.095632
0.000006 0.000010 -1.038010 -0.008031 -1.038373 -0.003649 174.706528 0.095632
0.000006 0.000010 -1.037964 -0.014145 -1.038484 -0.009791 175.043823 0.095631
0.000006 0.000010 -1.037881 -0.020258 -1.038557 -0.015939 175.381119 0.095630
0.000006 0.000010 -1.037762 -0.026371 -1.038593 -0.022093 175.718414 0.095630
0.000006 0.000010 -1.037607 -0.032483 -1.038592 -0.028252 176.055710 0.095629
0.000006 0.000010 -1.037415 -0.038593 -1.038552 -0.034416 176.393005 0.095628
0.000006 0.000010 -1.037186 -0.044702 -1.038474 -0.040585 176.730301 0.095627
0.000006 0.000010 -1.036921 -0.050810 -1.038358 -0.046758 177.067596 0.095627
0.000006 0.000010 -1.036619 -0.056915 -1.038204 -0.052937 177.404892 0.095626
0.000006 0.000010 -1.036281 -0.063019 -1.038011 -0.059119 177.742188 0.095625
0.000006 0.000010 -1.035906 -0.069120 -1.037778 -0.065305 178.079483 0.095625
0.000006 0.000010 -1.035495 -0.075219 -1.037507 -0.071495 178.416779 0.095624
0.000006 0.000010 -1.035047 -0.081315 -1.037196 -0.077688 178.754074 0.095623
0.000006 0.000010 -1.034563 -0.087409 -1.036845 -0.083884 179.091370 0.095622
0.000006 0.000010 -1.034043 -0.093499 -1.036454 -0.090083 179.428665 0.095622
0.000006 0.000010 -1.033486 -0.099586 -1.036023 -0.096285 179.765961 0.095621
0.000006 0.000011 -1.032893 -0.105669 -1.035552 -0.102488 180.103256 0.095620
0.000006 0.000011 -1.032264 -0.111748 -1.035040 -0.108694 180.440552 0.095620
0.000006 0.000011 -1.031598 -0.117824 -1.034488 -0.114900 180.777847 0.095619
0.000006 0.000011 -1.030896 -0.123895 -1.033894 -0.121108 181.115143 0.095618
0.000006 0.000011 -1.030158 -0.129962 -1.033259 -0.127316 181.452438 0.095617
0.000006 0.000011 -1.029383 -0.136025 -1.032583 -0.133525 181.789734 0.095617
0.000006 0.000011 -1.028572 -0.142082 -1.031865 -0.139734 182.127029 0.095616
0.000006 0.000011 -1.027726 -0.148135 -1.031105 -0.145941 182.464325 0.095615
0.000006 0.000011 -1.026843 -0.154182 -1.030303 -0.152148 182.801620 0.095615
0.000006 0.000011 -1.025924 -0.160224 -1.029458 -0.158353 183.138916 0.095614
0.000006 0.000011 -1.024969 -0.166261 -1.028572 -0.164557 183.476212 0.095613
0.000006 0.000011 -1.023977 -0.172291 -1.027642 -0.170758 183.813507 0.095612
0.000006 0.000011 -1.022950 -0.178315 -1.026670 -0.176955 184.150803 0.095612
0.000006 0.000011 -1.021887 -0.184333 -1.025655 -0.183150 184.488098 0.095611
0.000006 0.000011 -1.020788 -0.190345 -1.024597 -0.189340 184.825394 0.095610
0.000006 0.000011 -1.019654 -0.196350 -1.023496 -0.195526 185.162689 0.095610
0.000006 0.000011 -1.018483 -0.202348 -1.022352 -0.201707 185.499985 0.095609
0.000006 0.000011 -1.017277 -0.208339 -1.021165 -0.207882 185.837280 0.095608
0.000006 0.000011 -1.016035 -0.214322 -1.019934 -0.214050 186.174576 0.095607
0.000006 0.000011 -1.014757 -0.220298 -1.018661 -0.220212 186.511871 0.095607
0.000006 0.000011 -1.013444 -0.226267 -1.017344 -0.226367 186.849167 0.095606
0.000006 0.000011 -1.012095 -0.232227 -1.015983 -0.232513 187.186462 0.095605
0.000006 0.000011 -1.010710 -0.238180 -1.014580 -0.238651 187.523758 0.095605
0.000006 0.000011 -1.009290 -0.244123 -1.013133 -0.244780 187.861053 0.095604
0.000006 0.000011 -1.007835 -0.250059 -1.011644 -0.250899 188.198349 0.095603
0.000006 0.000011 -1.006344 -0.255985 -1.010112 -0.257008 188.535645 0.095602
0.000006 0.000012 -1.004818 -0.261903 -1.008537 -0.263106 188.872940 0.095602
0.000006 0.000012 -1.003256 -0.267812 -1.006919 -0.269192 189.210236 0.095601
0.000006 0.000012 -1.001660 -0.273711 -1.005259 -0.275267 189.547531 0.095600
0.000006 0.000012 -1.000028 -0.279600 -1.003557 -0.281329 189.884827 0.095600
0.000006 0.000012 -0.998361 -0.285480 -1.001814 -0.287377 190.222122 0.095599
0.000006 0.000012 -0.996659 -0.291350 -1.000028 -0.293413 190.559418 0.095598
0.000006 0.000012 -0.994921 -0.297210 -0.998202 -0.299434 190.896713 0.095597
0.000006 0.000012 -0.993149 -0.303059 -0.996334 -0.305440 191.234009 0.095597
0.000006 0.000012 -0.991342 -0.308898 -0.994425 -0.311432 191.571304 0.095596
0.000006 0.000012 -0.989500 -0.314726 -0.992476 -0.317408 191.908600 0.095595
0.000006 0.000012 -0.987624 -0.320543 -0.990487 -0.323368 192.245895 0.095595
0.000006 0.000012 -0.985712 -0.326348 -0.988458 -0.329312 192.583191 0.095594
0.000006 0.000012 -0.983766 -0.332143 -0.986390 -0.335239 192.920486 0.095593
0.000006 0.000012 -0.981786 -0.337926 -0.984283 -0.341148 193.257782 0.095592
0.000006 0.000012 -0.979771 -0.343697 -0.982137 -0.347041 193.595078 0.095592
0.000006 0.000012 -0.977721 -0.349456 -0.979952 -0.352915 193.932373 0.095591
0.000006 0.000012 -0.975637 -0.355202 -0.977729 -0.358772 194.269669 0.095590
0.000006 0.000012 -0.973519 -0.360937 -0.975469 -0.364610 194.606964 0.095590
0.000006 0.000012 -0.971366 -0.366659 -0.973172 -0.370429 194.944260 0.095589
0.000006 0.000012 -0.969179 -0.372368 -0.970837 -0.376230 195.281555 0.095588
0.000006 0.000012 -0.966958 -0.378063 -0.968466 -0.382011 195.618851 0.095587
0.000006 0.000012 -0.964703 -0.383746 -0.966059 -0.387772 195.956146 0.095587
0.000006 0.000012 -0.962414 -0.389416 -0.963615 -0.393514 196.293442 0.095586
0.000006 0.000012 -0.960092 -0.395071 -0.961136 -0.399236 196.630737 0.095585
0.000006 0.000012 -0.957735 -0.400713 -0.958622 -0.404938 196.968033 0.095585
0.000006 0.000012 -0.955345 -0.406341 -0.956073 -0.410619 197.305328 0.095584
0.000006 0.000012 -0.952921 -0.411955 -0.953490 -0.416280 197.642624 0.095583
0.000006 0.000013 -0.950463 -0.417554 -0.950872 -0.421920 197.979919 0.095582
0.000006 0.000013 -0.947972 -0.423139 -0.948220 -0.427539 198.317215 0.095582
0.000006 0.000013 -0.945448 -0.428709 -0.945535 -0.433137 198.654510 0.095581
0.000006 0.000013 -0.942890 -0.434264 -0.942816 -0.438714 198.991806 0.095580
0.000006 0.000013 -0.940299 -0.439803 -0.940065 -0.444270 199.329102 0.095580
0.000006 0.000013 -0.937674 -0.445328 -0.937280 -0.449804 199.666397 0.095579
0.000006 0.000013 -0.935017 -0.450836 -0.934464 -0.455317 200.003693 0.095578
0.000006 0.000013 -0.932327 -0.456329 -0.931615 -0.460808 200.340988 0.095577
0.000006 0.000013 -0.929604 -0.461806 -0.928734 -0.466277 200.678284 0.095577
0.000006 0.000013 -0.926848 -0.467267 -0.925822 -0.471724 201.015579 0.095576
0.000006 0.000013 -0.924059 -0.472712 -0.922878 -0.477149 201.352875 0.095575
0.000006 0.000013 -0.921238 -0.478139 -0.919904 -0.482552 201.690170 0.095574
0.000006 0.000013 -0.918384 -0.483551 -0.916898 -0.487932 202.027466 0.095574
0.000006 0.000013 -0.915498 -0.488945 -0.913862 -0.493291 202.364761 0.095573
0.000006 0.000013 -0.912579 -0.494322 -0.910796 -0.498626 202.702057 0.095572
0.000006 0.000013 -0.909629 -0.499681 -0.907700 -0.503939 203.039352 0.095572
0.000006 0.000013 -0.906646 -0.505023 -0.904574 -0.509230 203.376648 0.095571
0.000006 0.000013 -0.903631 -0.510348 -0.901418 -0.514498 203.713943 0.095570
0.000006 0.000013 -0.900584 -0.515654 -0.898233 -0.519742 204.051239 0.095569
0.000006 0.000013 -0.897506 -0.520943 -0.895019 -0.524964 204.388535 0.095569
0.000006 0.000013 -0.894395 -0.526213 -0.891776 -0.530163 204.725830 0.095568
0.000006 0.000013 -0.891253 -0.531465 -0.888505 -0.535339 205.063126 0.095567
0.000006 0.000013 -0.888080 -0.536698 -0.885205 -0.540492 205.400421 0.095567
0.000006 0.000013 -0.884875 -0.541912 -0.881877 -0.545621 205.737717 0.095566
0.000006 0.000013 -0.881639 -0.547107 -0.878522 -0.550727 206.075012 0.095565
0.000006 0.000013 -0.878372 -0.552283 -0.875138 -0.555810 206.412308 0.095564
0.000006 0.000013 -0.875074 -0.557439 -0.871727 -0.560869 206.749603 0.095564
0.000006 0.000013 -0.871745 -0.562576 -0.868289 -0.565904 207.086899 0.095563
0.000006 0.000013 -0.868384 -0.567693 -0.864823 -0.570916 207.424194 0.095562
0.000006 0.000014 -0.864994 -0.572790 -0.861331 -0.575905 207.761490 0.095562
0.000006 0.000014 -0.861572 -0.577867 -0.857812 -0.580870 208.098785 0.095561
0.000006 0.000014 -0.858120 -0.582924 -0.854266 -0.585811 208.436081 0.095560
0.000006 0.000014 -0.854638 -0.587960 -0.850695 -0.590728 208.773376 0.095559
0.000006 0.000014 -0.851126 -0.592975 -0.847097 -0.595621 209.110672 0.095559
0.000006 0.000014 -0.847583 -0.597970 -0.843474 -0.600490 209.447968 0.095558
0.000006 0.000014 -0.844010 -0.602943 -0.839824 -0.605335 209.785263 0.095557
0.000006 0.000014 -0.840408 -0.607895 -0.836150 -0.610157 210.122559 0.095557
0.000006 0.000014 -0.836775 -0.612826 -0.832450 -0.614954 210.459854 0.095556
0.000006 0.000014 -0.833113 -0.617735 -0.828725 -0.619727 210.797150 0.095555
0.000006 0.000014 -0.829422 -0.622623 -0.824975 -0.624476 211.134445 0.095554
0.000006 0.000014 -0.825701 -0.627488 -0.821201 -0.629201 211.471741 0.095554
0.000006 0.000014 -0.821951 -0.632332 -0.817402 -0.633901 211.809036 0.095553
0.000006 0.000014 -0.818172 -0.637153 -0.813578 -0.638577 212.146332 0.095552
0.000006 0.000014 -0.814364 -0.641951 -0.809731 -0.643229 212.483627 0.095552
0.000006 0.000014 -0.810527 -0.646727 -0.805860 -0.647857 212.820923 0.095551
0.000005 0.000014 -0.806661 -0.651480 -0.801964 -0.652461 213.158218 0.095550
0.000005 0.000014 -0.802766 -0.656210 -0.798046 -0.657040 213.495514 0.095549
0.000005 0.000014 -0.798843 -0.660917 -0.794103 -0.661595 213.832809 0.095549
0.000005 0.000014 -0.794892 -0.665601 -0.790138 -0.666125 214.170105 0.095548
0.000005 0.000014 -0.790913 -0.670261 -0.786149 -0.670631 214.507401 0.095547
0.000005 0.000014 -0.786905 -0.674898 -0.782138 -0.675113 214.844696 0.095547
0.000005 0.000014 -0.782870 -0.679510 -0.778104 -0.679570 215.181992 0.095546
0.000005 0.000014 -0.778806 -0.684099 -0.774047 -0.684003 215.519287 0.095545
0.000005 0.000014 -0.774715 -0.688663 -0.769967 -0.688412 215.856583 0.095544
0.000005 0.000014 -0.770597 -0.693203 -0.765866 -0.692796 216.193878 0.095544
0.000005 0.000014 -0.766451 -0.697719 -0.761742 -0.697156 216.531174 0.095543
0.000005 0.000014 -0.762278 -0.702209 -0.757596 -0.701492 216.868469 0.095542
0.000005 0.000014 -0.758078 -0.706675 -0.753428 -0.705803 217.205765 0.095542
0.000005 0.000015 -0.753851 -0.711116 -0.749238 -0.710090 217.543060 0.095541
0.000005 0.000015 -0.749597 -0.715532 -0.745026 -0.714353 217.880356 0.095540
0.000005 0.000015 -0.745317 -0.719923 -0.740793 -0.718591 218.217651 0.095539
0.000005 0.000015 -0.741010 -0.724288 -0.736539 -0.722805 218.554947 0.095539
0.000005 0.000015 -0.736677 -0.728627 -0.732263 -0.726995 218.892242 0.095538
0.000005 0.000015 -0.732317 -0.732941 -0.727966 -0.731161 219.229538 0.095537
0.000005 0.000015 -0.727932 -0.737228 -0.723647 -0.735302 219.566833 0.095537
0.000005 0.000015 -0.723520 -0.741489 -0.719308 -0.739419 219.904129 0.095536
0.000005 0.000015 -0.719083 -0.745725 -0.714947 -0.743512 220.241425 0.095535
0.000005 0.000015 -0.714620 -0.749933 -0.710566 -0.747581 220.578720 0.095534
0.000005 0.000015 -0.710132 -0.754115 -0.706164 -0.751626 220.916016 0.095534
0.000005 0.000015 -0.705619 -0.758271 -0.701740 -0.755646 221.253311 0.095533
0.000005 0.000015 -0.701080 -0.762399 -0.697297 -0.759643 221.590607 0.095532
0.000005 0.000015 -0.696517 -0.766500 -0.692832 -0.763615 221.927902 0.095532
0.000005 0.000015 -0.691929 -0.770574 -0.688347 -0.767563 222.265198 0.095531
0.000005 0.000015 -0.687316 -0.774621 -0.683841 -0.771487 222.602493 0.095530
0.000005 0.000015 -0.682678 -0.778640 -0.679314 -0.775387 222.939789 0.095529
0.000005 0.000015 -0.678017 -0.782632 -0.674767 -0.779263 223.277084 0.095529
0.000005 0.000015 -0.673331 -0.786596 -0.670200 -0.783114 223.614380 0.095528
0.000005 0.000015 -0.668621 -0.790532 -0.665612 -0.786942 223.951675 0.095527
0.000005 0.000015 -0.663888 -0.794439 -0.661003 -0.790745 224.288971 0.095527
0.000005 0.000015 -0.659130 -0.798319 -0.656374 -0.794524 224.626266 0.095526
0.000005 0.000015 -0.654350 -0.802170 -0.651724 -0.798279 224.963562 0.095525
0.000005 0.000015 -0.649545 -0.805992 -0.647054 -0.802009 225.300858 0.095524
0.000005 0.000015 -0.644718 -0.809786 -0.642364 -0.805716 225.638153 0.095524
0.000005 0.000015 -0.639868 -0.813551 -0.637653 -0.809397 225.975449 0.095523
0.000005 0.000015 -0.634995 -0.817287 -0.632922 -0.813055 226.312744 0.095522
0.000005 0.000015 -0.630099 -0.820994 -0.628170 -0.816687 226.650040 0.095522
0.000005 0.000015 -0.625181 -0.824672 -0.623397 -0.820296 226.987335 0.095521
0.000005 0.000015 -0.620241 -0.828321 -0.618605 -0.823879 227.324631 0.095520
0.000005 0.000015 -0.615278 -0.831939 -0.613791 -0.827438 227.661926 0.095519
0.000005 0.000015 -0.610294 -0.835529 -0.608958 -0.830972 227.999222 0.095519
0.000005 0.000016 -0.605288 -0.839088 -0.604103 -0.834481 228.336517 0.095518
0.000005 0.000016 -0.600260 -0.842618 -0.599229 -0.837965 228.673813 0.095517
0.000005 0.000016 -0.595211 -0.846117 -0.594333 -0.841425 229.011108 0.095517
0.000005 0.000016 -0.590140 -0.849587 -0.589418 -0.844858 229.348404 0.095516
0.000005 0.000016 -0.585049 -0.853026 -0.584482 -0.848267 229.685699 0.095515
0.000005 0.000016 -0.579937 -0.856434 -0.579525 -0.851650 230.022995 0.095514
0.000005 0.000016 -0.574803 -0.859812 -0.574548 -0.855007 230.360291 0.095514
0.000005 0.000016 -0.569650 -0.863160 -0.569551 -0.858339 230.697586 0.095513
0.000005 0.000016 -0.564476 -0.866476 -0.564533 -0.861645 231.034882 0.095512
0.000005 0.000016 -0.559282 -0.869762 -0.559494 -0.864925 231.372177 0.095512
0.000005 0.000016 -0.554068 -0.873017 -0.554435 -0.868179 231.709473 0.095511
0.000005 0.000016 -0.548834 -0.876240 -0.549356 -0.871406 232.046768 0.095510
0.000005 0.000016 -0.543581 -0.879432 -0.544257 -0.874607 232.384064 0.095509
0.000005 0.000016 -0.538308 -0.882593 -0.539137 -0.877782 232.721359 0.095509
0.000005 0.000016 -0.533016 -0.885722 -0.533997 -0.880930 233.058655 0.095508
0.000005 0.000016 -0.527705 -0.888820 -0.528837 -0.884051 233.395950 0.095507
0.000005 0.000016 -0.522375 -0.891886 -0.523656 -0.887145 233.733246 0.095507
0.000005 0.000016 -0.517026 -0.894920 -0.518455 -0.890211 234.070541 0.095506
0.000005 0.000016 -0.511659 -0.897922 -0.513234 -0.893251 234.407837 0.095505
0.000005 0.000016 -0.506274 -0.900892 -0.507993 -0.896262 234.745132 0.095504
0.000005 0.000016 -0.500870 -0.903829 -0.502732 -0.899246 235.082428 0.095504
0.000005 0.000016 -0.495449 -0.906735 -0.497452 -0.902202 235.419724 0.095503
0.000005 0.000016 -0.490010 -0.909607 -0.492151 -0.905130 235.757019 0.095502
0.000005 0.000016 -0.484553 -0.912448 -0.486830 -0.908030 236.094315 0.095502
0.000004 0.000016 -0.479079 -0.915255 -0.481490 -0.910901 236.431610 0.095501
0.000004 0.000016 -0.473588 -0.918030 -0.476130 -0.913744 236.768906 0.095500
0.000004 0.000016 -0.468080 -0.920772 -0.470750 -0.916558 237.106201 0.095499
0.000004 0.000016 -0.462555 -0.923481 -0.465351 -0.919343 237.443497 0.095499
0.000004 0.000016 -0.457014 -0.926157 -0.459932 -0.922099 237.780792 0.095498
0.000004 0.000016 -0.451457 -0.928800 -0.454494 -0.924825 238.118088 0.095497
0.000004 0.000016 -0.445883 -0.931410 -0.449037 -0.927522 238.455383 0.095497
0.000004 0.000016 -0.440293 -0.933986 -0.443561 -0.930189 238.792679 0.095496
0.000004 0.000016 -0.434687 -0.936529 -0.438065 -0.932826 239.129974 0.095495
0.000004 0.000016 -0.429066 -0.939038 -0.432551 -0.935434 239.467270 0.095494
0.000004 0.000016 -0.423430 -0.941513 -0.427018 -0.938010 239.804565 0.095494
0.000004 0.000017 -0.417778 -0.943955 -0.421465 -0.940557 240.141861 0.095493
0.000004 0.000017 -0.412112 -0.946363 -0.415895 -0.943073 240.479156 0.095492
0.000004 0.000017 -0.406431 -0.948737 -0.410306 -0.945558 240.816452 0.095492
0.000004 0.000017 -0.400735 -0.951077 -0.404698 -0.948012 241.153748 0.095491
0.000004 0.000017 -0.395024 -0.953383 -0.399072 -0.950434 241.491043 0.095490
0.000004 0.000017 -0.389300 -0.955654 -0.393428 -0.952826 241.828339 0.095489
0.000004 0.000017 -0.383562 -0.957892 -0.387765 -0.955186 242.165634 0.095489
0.000004 0.000017 -0.377810 -0.960095 -0.382085 -0.957514 242.502930 0.095488
0.000004 0.000017 -0.372044 -0.962263 -0.376387 -0.959810 242.840225 0.095487
0.000004 0.000017 -0.366265 -0.964397 -0.370671 -0.962074 243.177521 0.095487
0.000004 0.000017 -0.360473 -0.966496 -0.364938 -0.964305 243.514816 0.095486
0.000004 0.000017 -0.354668 -0.968560 -0.359187 -0.966504 243.852112 0.095485
0.000004 0.000017 -0.348850 -0.970590 -0.353419 -0.968670 244.189407 0.095484
0.000004 0.000017 -0.343020 -0.972585 -0.347634 -0.970804 244.526703 0.095484
0.000004 0.000017 -0.337177 -0.974545 -0.341831 -0.972904 244.863998 0.095483
0.000004 0.000017 -0.331323 -0.976470 -0.336012 -0.974971 245.201294 0.095482
0.000004 0.000017 -0.325456 -0.978359 -0.330176 -0.977004 245.538589 0.095482
0.000004 0.000017 -0.319578 -0.980214 -0.324324 -0.979004 245.875885 0.095481
0.000004 0.000017 -0.313688 -0.982033 -0.318455 -0.980970 246.213181 0.095480
0.000004 0.000017 -0.307787 -0.983817 -0.312569 -0.982901 246.550476 0.095479
0.000004 0.000017 -0.301875 -0.985565 -0.306668 -0.984799 246.887772 0.095479
0.000004 0.000017 -0.295952 -0.987278 -0.300750 -0.986661 247.225067 0.095478
0.000004 0.000017 -0.290019 -0.988956 -0.294817 -0.988489 247.562363 0.095477
0.000004 0.000017 -0.284075 -0.990598 -0.288868 -0.990282 247.899658 0.095477
0.000004 0.000017 -0.278121 -0.992204 -0.282903 -0.992040 248.236954 0.095476
0.000004 0.000017 -0.272157 -0.993775 -0.276923 -0.993763 248.574249 0.095475
0.000004 0.000017 -0.266183 -0.995309 -0.270928 -0.995449 248.911545 0.095474
0.000004 0.000017 -0.260199 -0.996808 -0.264918 -0.997100 249.248840 0.095474
0.000004 0.000017 -0.254207 -0.998271 -0.258893 -0.998715 249.586136 0.095473
0.000004 0.000017 -0.248205 -0.999698 -0.252854 -1.000293 249.923431 0.095472
0.000004 0.000017 -0.242194 -1.001089 -0.246800 -1.001835 250.260727 0.095472
0.000004 0.000017 -0.236174 -1.002444 -0.240732 -1.003341 250.598022 0.095471
0.000004 0.000017 -0.230146 -1.003762 -0.234649 -1.004809 250.935318 0.095470
0.000004 0.000017 -0.224110 -1.005045 -0.228553 -1.006240 251.272614 0.095469
0.000004 0.000017 -0.218065 -1.006291 -0.222443 -1.007633 251.609909 0.095469
0.000004 0.000017 -0.212013 -1.007501 -0.216320 -1.008989 251.947205 0.095468
0.000004 0.000017 -0.205953 -1.008674 -0.210184 -1.010306 252.284500 0.095467
0.000004 0.000017 -0.199886 -1.009811 -0.204034 -1.011586 252.621796 0.095466
0.000004 0.000017 -0.193812 -1.010912 -0.197872 -1.012826 252.959091 0.095466
0.000004 0.000017 -0.187730 -1.011976 -0.191698 -1.014028 253.296387 0.095465
0.000004 0.000017 -0.181642 -1.013004 -0.185511 -1.015191 253.633682 0.095464
0.000004 0.000018 -0.175547 -1.013995 -0.179312 -1.016315 253.970978 0.095464
0.000004 0.000018 -0.169446 -1.014949 -0.173102 -1.017399 254.308273 0.095463
0.000004 0.000018 -0.163339 -1.015867 -0.166880 -1.018443 254.645569 0.095462
0.000004 0.000018 -0.157226 -1.016748 -0.160648 -1.019448 254.982864 0.095461
0.000003 0.000018 -0.151107 -1.017592 -0.154404 -1.020411 255.320160 0.095461
0.000003 0.000018 -0.144983 -1.018399 -0.148151 -1.021334 255.657455 0.095460
0.000003 0.000018 -0.138854 -1.019170 -0.141887 -1.022216 255.994751 0.095459
0.000003 0.000018 -0.132719 -1.019904 -0.135614 -1.023057 256.332031 0.095459
0.000003 0.000018 -0.126580 -1.020601 -0.129331 -1.023857 256.669312 0.095458
0.000003 0.000018 -0.120436 -1.021260 -0.123039 -1.024615 257.006592 0.095457
0.000003 0.000018 -0.114288 -1.021883 -0.116739 -1.025331 257.343872 0.095456
0.000003 0.000018 -0.108136 -1.022470 -0.110431 -1.026005 257.681152 0.095456
0.000003 0.000018 -0.101980 -1.023018 -0.104115 -1.026637 258.018433 0.095455
0.000003 0.000018 -0.095820 -1.023530 -0.097792 -1.027226 258.355713 0.095454
0.000003 0.000018 -0.089656 -1.024005 -0.091462 -1.027772 258.692993 0.095454
0.000003 0.000018 -0.083490 -1.024443 -0.085126 -1.028275 259.030273 0.095453
0.000003 0.000018 -0.077320 -1.024844 -0.078784 -1.028735 259.367554 0.095452
0.000003 0.000018 -0.071148 -1.025208 -0.072437 -1.029152 259.704834 0.095451
0.000003 0.000018 -0.064973 -1.025534 -0.066085 -1.029526 260.042114 0.095451
0.000003 0.000018 -0.058795 -1.025823 -0.059728 -1.029855 260.379395 0.095450
0.000003 0.000018 -0.052616 -1.026075 -0.053368 -1.030141 260.716675 0.095449
0.000003 0.000018 -0.046434 -1.026290 -0.047005 -1.030384 261.053955 0.095449
0.000003 0.000018 -0.040251 -1.026468 -0.040638 -1.030582 261.391235 0.095448
0.000003 0.000018 -0.034066 -1.026608 -0.034270 -1.030737 261.728516 0.095447
0.000003 0.000018 -0.027880 -1.026712 -0.027900 -1.030847 262.065796 0.095446
0.000003 0.000018 -0.021693 -1.026778 -0.021529 -1.030914 262.403076 0.095446
0.000003 0.000018 -0.015505 -1.026806 -0.015157 -1.030936 262.740356 0.095445
0.000003 0.000018 -0.009317 -1.026797 -0.008785 -1.030915 263.077637 0.095444
0.000003 0.000018 -0.003128 -1.026751 -0.002414 -1.030850 263.414917 0.095444
0.000003 0.000018 0.003061 -1.026668 0.003957 -1.030741 263.752197 0.095443
0.000003 0.000018 0.009250 -1.026547 0.010325 -1.030588 264.089478 0.095442
0.000003 0.000018 0.015439 -1.026389 0.016692 -1.030391 264.426758 0.095441
0.000003 0.000018 0.021627 -1.026194 0.023056 -1.030151 264.764038 0.095441
0.000003 0.000018 0.027814 -1.025962 0.029418 -1.029868 265.101318 0.095440
0.000003 0.000018 0.034001 -1.025692 0.035775 -1.029541 265.438599 0.095439
0.000003 0.000018 0.040186 -1.025385 0.042129 -1.029171 265.775879 0.095439
0.000003 0.000018 0.046370 -1.025040 0.048479 -1.028758 266.113159 0.095438
0.000003 0.000018 0.052552 -1.024658 0.054823 -1.028303 266.450439 0.095437
0.000003 0.000018 0.058733 -1.024239 0.061162 -1.027804 266.787720 0.095436
0.000003 0.000018 0.064911 -1.023782 0.067496 -1.027264 267.125000 0.095436
0.000003 0.000018 0.071088 -1.023288 0.073823 -1.026681 267.462280 0.095435
0.000003 0.000018 0.077261 -1.022757 0.080144 -1.026056 267.799561 0.095434
0.000003 0.000018 0.083432 -1.022189 0.086458 -1.025389 268.136841 0.095434
0.000003 0.000018 0.089600 -1.021583 0.092764 -1.024681 268.474121 0.095433
0.000003 0.000018 0.095765 -1.020940 0.099064 -1.023931 268.811401 0.095432
0.000003 0.000018 0.101926 -1.020259 0.105355 -1.023141 269.148682 0.095431
0.000003 0.000018 0.108084 -1.019542 0.111637 -1.022309 269.485962 0.095431
0.000003 0.000018 0.114238 -1.018787 0.117912 -1.021437 269.823242 0.095430
0.000003 0.000018 0.120388 -1.017995 0.124177 -1.020524 270.160522 0.095429
0.000003 0.000018 0.126533 -1.017165 0.130433 -1.019571 270.497803 0.095429
0.000003 0.000018 0.132674 -1.016299 0.136680 -1.018578 270.835083 0.095428
0.000003 0.000018 0.138810 -1.015395 0.142917 -1.017545 271.172363 0.095427
0.000003 0.000019 0.144941 -1.014454 0.149143 -1.016473 271.509644 0.095426
0.000003 0.000019 0.151067 -1.013476 0.155360 -1.015361 271.846924 0.095426
0.000003 0.000019 0.157188 -1.012461 0.161566 -1.014210 272.184204 0.095425
0.000003 0.000019 0.163303 -1.011409 0.167761 -1.013021 272.521484 0.095424
0.000003 0.000019 0.169412 -1.010320 0.173945 -1.011792 272.858765 0.095424
0.000003 0.000019 0.175515 -1.009194 0.180118 -1.010525 273.196045 0.095423
0.000002 0.000019 0.181611 -1.008030 0.186280 -1.009220 273.533325 0.095422
0.000002 0.000019 0.187701 -1.006830 0.192430 -1.007877 273.870605 0.095421
0.000002 0.000019 0.193784 -1.005593 0.198567 -1.006495 274.207886 0.095421
0.000002 0.000019 0.199861 -1.004319 0.204693 -1.005077 274.545166 0.095420
0.000002 0.000019 0.205929 -1.003008 0.210806 -1.003620 274.882446 0.095419
0.000002 0.000019 0.211991 -1.001660 0.216907 -1.002126 275.219727 0.095419
0.000002 0.000019 0.218045 -1.000276 0.222995 -1.000595 275.557007 0.095418
0.000002 0.000019 0.224091 -0.998854 0.229071 -0.999027 275.894287 0.095417
0.000002 0.000019 0.230128 -0.997396 0.235133 -0.997423 276.231567 0.095416
0.000002 0.000019 0.236158 -0.995902 0.241182 -0.995782 276.568848 0.095416
0.000002 0.000019 0.242178 -0.994370 0.247217 -0.994104 276.906128 0.095415
0.000002 0.000019 0.248190 -0.992802 0.253238 -0.992390 277.243408 0.095414
0.000002 0.000019 0.254193 -0.991198 0.259246 -0.990640 277.580688 0.095414
0.000002 0.000019 0.260187 -0.989557 0.265240 -0.988854 277.917969 0.095413
0.000002 0.000019 0.266171 -0.987880 0.271219 -0.987033 278.255249 0.095412
0.000002 0.000019 0.272146 -0.986166 0.277184 -0.985176 278.592529 0.095411
0.000002 0.000019 0.278110 -0.984416 0.283135 -0.983283 278.929810 0.095411
0.000002 0.000019 0.284065 -0.982630 0.289071 -0.981355 279.267090 0.095410
0.000002 0.000019 0.290009 -0.980807 0.294991 -0.979393 279.604370 0.095409
0.000002 0.000019 0.295942 -0.978948 0.300897 -0.977395 279.941650 0.095409
0.000002 0.000019 0.301865 -0.977054 0.306788 -0.975363 280.278931 0.095408
0.000002 0.000019 0.307776 -0.975123 0.312663 -0.973296 280.616211 0.095407
0.000002 0.000019 0.313677 -0.973156 0.318522 -0.971194 280.953491 0.095406
0.000002 0.000019 0.319566 -0.971153 0.324366 -0.969059 281.290771 0.095406
0.000002 0.000019 0.325443 -0.969115 0.330194 -0.966889 281.628052 0.095405
0.000002 0.000019 0.331308 -0.967040 0.336006 -0.964685 281.965332 0.095404
0.000002 0.000019 0.337161 -0.964930 0.341801 -0.962448 282.302612 0.095404
0.000002 0.000019 0.343002 -0.962785 0.347581 -0.960176 282.639893 0.095403
0.000002 0.000019 0.348830 -0.960603 0.353343 -0.957872 282.977173 0.095402
0.000002 0.000019 0.354645 -0.958386 0.359089 -0.955534 283.314453 0.095401
0.000002 0.000019 0.360448 -0.956134 0.364818 -0.953163 283.651733 0.095401
0.000002 0.000019 0.366237 -0.953846 0.370530 -0.950759 283.989014 0.095400
0.000002 0.000019 0.372012 -0.951523 0.376225 -0.948322 284.326294 0.095399
0.000002 0.000019 0.377774 -0.949165 0.381903 -0.945853 284.663574 0.095399
0.000002 0.000019 0.383522 -0.946772 0.387563 -0.943351 285.000854 0.095398
0.000002 0.000019 0.389256 -0.944344 0.393206 -0.940816 285.338135 0.095397
0.000002 0.000019 0.394976 -0.941880 0.398830 -0.938250 285.675415 0.095396
0.000002 0.000019 0.400681 -0.939382 0.404437 -0.935651 286.012695 0.095396
0.000002 0.000019 0.406371 -0.936849 0.410026 -0.933021 286.349976 0.095395
0.000002 0.000019 0.412047 -0.934281 0.415597 -0.930359 286.687256 0.095394
0.000002 0.000019 0.417707 -0.931679 0.421149 -0.927665 287.024536 0.095394
0.000002 0.000019 0.423352 -0.929042 0.426683 -0.924940 287.361816 0.095393
0.000002 0.000019 0.428981 -0.926370 0.432199 -0.922183 287.699097 0.095392
0.000002 0.000019 0.434594 -0.923665 0.437696 -0.919396 288.036377 0.095391
0.000002 0.000019 0.440191 -0.920924 0.443173 -0.916578 288.373657 0.095391
0.000002 0.000019 0.445773 -0.918150 0.448632 -0.913729 288.710938 0.095390
0.000002 0.000019 0.451337 -0.915342 0.454072 -0.910849 289.048218 0.095389
0.000002 0.000019 0.456885 -0.912499 0.459493 -0.907939 289.385498 0.095389
0.000002 0.000019 0.462416 -0.909623 0.464894 -0.904998 289.722778 0.095388
0.000002 0.000019 0.467930 -0.906713 0.470276 -0.902028 290.060059 0.095387
0.000002 0.000019 0.473427 -0.903769 0.475639 -0.899027 290.397339 0.095386
0.000002 0.000019 0.478906 -0.900792 0.480982 -0.895997 290.734619 0.095386
0.000002 0.000019 0.484367 -0.897781 0.486305 -0.892937 291.071899 0.095385
0.000002 0.000019 0.489811 -0.894736 0.491608 -0.889848 291.409180 0.095384
0.000002 0.000019 0.495236 -0.891659 0.496892 -0.886729 291.746460 0.095384
0.000002 0.000019 0.500643 -0.888548 0.502155 -0.883582 292.083740 0.095383
0.000002 0.000019 0.506031 -0.885404 0.507398 -0.880405 292.421021 0.095382
0.000001 0.000019 0.511401 -0.882227 0.512621 -0.877199 292.758301 0.095381
0.000001 0.000019 0.516752 -0.879017 0.517824 -0.873965 293.095581 0.095381
0.000001 0.000019 0.522083 -0.875774 0.523006 -0.870702 293.432861 0.095380
0.000001 0.000019 0.527395 -0.872499 0.528168 -0.867410 293.770142 0.095379
0.000001 0.000019 0.532688 -0.869192 0.533309 -0.864091 294.107422 0.095379
0.000001 0.000019 0.537961 -0.865851 0.538430 -0.860743 294.444702 0.095378
0.000001 0.000019 0.543214 -0.862479 0.543530 -0.857368 294.781982 0.095377
0.000001 0.000019 0.548446 -0.859074 0.548609 -0.853964 295.119263 0.095376
0.000001 0.000019 0.553659 -0.855638 0.553668 -0.850533 295.456543 0.095376
0.000001 0.000019 0.558850 -0.852169 0.558706 -0.847074 295.793823 0.095375
0.000001 0.000019 0.564021 -0.848669 0.563722 -0.843588 296.131104 0.095374
0.000001 0.000019 0.569171 -0.845136 0.568718 -0.840075 296.468384 0.095374
0.000001 0.000019 0.574300 -0.841573 0.573692 -0.836534 296.805664 0.095373
0.000001 0.000019 0.579407 -0.837978 0.578646 -0.832967 297.142944 0.095372
0.000001 0.000019 0.584493 -0.834351 0.583578 -0.829372 297.480225 0.095371
0.000001 0.000019 0.589557 -0.830694 0.588489 -0.825751 297.817505 0.095371
0.000001 0.000019 0.594599 -0.827005 0.593379 -0.822103 298.154785 0.095370
0.000001 0.000019 0.599619 -0.823285 0.598248 -0.818428 298.492065 0.095369
0.000001 0.000019 0.604616 -0.819535 0.603095 -0.814727 298.829346 0.095369
0.000001 0.000019 0.609591 -0.815754 0.607921 -0.810999 299.166626 0.095368
0.000001 0.000019 0.614544 -0.811942 0.612725 -0.807245 299.503906 0.095367
0.000001 0.000019 0.619473 -0.808100 0.617508 -0.803465 299.841187 0.095366
0.000001 0.000020 0.624379 -0.804228 0.622269 -0.799658 300.178467 0.095366
0.000001 0.000020 0.629262 -0.800325 0.627009 -0.795826 300.515747 0.095365
0.000001 0.000020 0.634121 -0.796393 0.631727 -0.791968 300.853027 0.095364
0.000001 0.000020 0.638957 -0.792431 0.636423 -0.788083 301.190308 0.095363
0.000001 0.000020 0.643769 -0.788439 0.641097 -0.784173 301.527588 0.095363
0.000001 0.000020 0.648557 -0.784418 0.645750 -0.780237 301.864868 0.095362
0.000001 0.000020 0.653320 -0.780367 0.650381 -0.776275 302.202148 0.095361
0.000001 0.000020 0.658059 -0.776287 0.654990 -0.772288 302.539429 0.095361
0.000001 0.000020 0.662773 -0.772178 0.659576 -0.768275 302.876709 0.095360
0.000001 0.000020 0.667463 -0.768040 0.664141 -0.764236 303.213989 0.095359
0.000001 0.000020 0.672128 -0.763873 0.668684 -0.760172 303.551270 0.095358
0.000001 0.000020 0.676767 -0.759677 0.673204 -0.756083 303.888550 0.095358
0.000001 0.000020 0.681381 -0.755453 0.677702 -0.751967 304.225830 0.095357
0.000001 0.000020 0.685970 -0.751201 0.682178 -0.747827 304.563110 0.095356
0.000001 0.000020 0.690533 -0.746920 0.686631 -0.743661 304.900391 0.095356
0.000001 0.000020 0.695070 -0.742611 0.691061 -0.739470 305.237671 0.095355
0.000001 0.000020 0.699581 -0.738275 0.695469 -0.735253 305.574951 0.095354
0.000001 0.000020 0.704066 -0.733911 0.699854 -0.731011 305.912231 0.095353
0.000001 0.000020 0.708524 -0.729519 0.704217 -0.726744 306.249512 0.095353
0.000001 0.000020 0.712956 -0.725100 0.708556 -0.722452 306.586792 0.095352
0.000001 0.000020 0.717361 -0.720653 0.712872 -0.718135 306.924072 0.095351
0.000001 0.000020 0.721739 -0.716180 0.717165 -0.713792 307.261353 0.095351
0.000001 0.000020 0.726091 -0.711679 0.721435 -0.709424 307.598633 0.095350
0.000001 0.000020 0.730414 -0.707152 0.725681 -0.705032 307.935913 0.095349
0.000001 0.000020 0.734711 -0.702598 0.729904 -0.700614 308.273193 0.095348
0.000001 0.000020 0.738980 -0.698018 0.734103 -0.696171 308.610474 0.095348
0.000001 0.000020 0.743221 -0.693412 0.738278 -0.691703 308.947754 0.095347
0.000001 0.000020 0.747434 -0.688779 0.742429 -0.687211 309.285034 0.095346
0.000001 0.000020 0.751619 -0.684121 0.746556 -0.682693 309.622314 0.095346
0.000001 0.000020 0.755776 -0.679437 0.750658 -0.678151 309.959595 0.095345
0.000001 0.000020 0.759904 -0.674727 0.754737 -0.673583 310.296875 0.095344
0.000001 0.000020 0.764004 -0.669992 0.758790 -0.668992 310.634155 0.095343
0.000001 0.000020 0.768075 -0.665232 0.762819 -0.664375 310.971436 0.095343
0.000001 0.000020 0.772117 -0.660447 0.766823 -0.659734 311.308716 0.095342
0.000001 0.000020 0.776130 -0.655636 0.770802 -0.655068 311.645996 0.095341
0.000001 0.000020 0.780114 -0.650802 0.774756 -0.650377 311.983276 0.095341
0.000001 0.000020 0.784069 -0.645942 0.778684 -0.645662 312.320557 0.095340
0.000001 0.000020 0.787994 -0.641059 0.782587 -0.640923 312.657837 0.095339
0.000001 0.000020 0.791890 -0.636151 0.786464 -0.636160 312.995117 0.095338
0.000001 0.000020 0.795755 -0.631219 0.790315 -0.631372 313.332397 0.095338
0.000001 0.000020 0.799591 -0.626264 0.794140 -0.626560 313.669678 0.095337
0.000001 0.000020 0.803397 -0.621284 0.797939 -0.621724 314.006958 0.095336
0.000001 0.000020 0.807172 -0.616282 0.801711 -0.616864 314.344238 0.095336
0.000001 0.000020 0.810917 -0.611256 0.805457 -0.611980 314.681519 0.095335
0.000001 0.000020 0.814631 -0.606207 0.809176 -0.607072 315.018799 0.095334
0.000001 0.000020 0.818315 -0.601136 0.812868 -0.602140 315.356079 0.095333
0.000001 0.000020 0.821968 -0.596042 0.816533 -0.597185 315.693359 0.095333
0.000001 0.000020 0.825590 -0.590925 0.820171 -0.592206 316.030640 0.095332
0.000001 0.000020 0.829181 -0.585786 0.823781 -0.587204 316.367920 0.095331
0.000001 0.000020 0.832740 -0.580625 0.827363 -0.582178 316.705200 0.095331
0.000000 0.000020 0.836268 -0.575442 0.830918 -0.577130 317.042480 0.095330
0.000000 0.000020 0.839765 -0.570237 0.834444 -0.572058 317.379761 0.095329
0.000000 0.000020 0.843230 -0.565011 0.837943 -0.566963 317.717041 0.095328
0.000000 0.000020 0.846663 -0.559763 0.841413 -0.561845 318.054321 0.095328
0.000000 0.000020 0.850064 -0.554495 0.844854 -0.556705 318.391602 0.095327
0.000000 0.000020 0.853433 -0.549205 0.848267 -0.551541 318.728882 0.095326
0.000000 0.000020 0.856770 -0.543895 0.851651 -0.546356 319.066162 0.095326
0.000000 0.000020 0.860075 -0.538564 0.855006 -0.541147 319.403442 0.095325
0.000000 0.000020 0.863347 -0.533213 0.858332 -0.535917 319.740723 0.095324
0.000000 0.000020 0.866586 -0.527841 0.861628 -0.530664 320.078003 0.095323
0.000000 0.000020 0.869793 -0.522450 0.864894 -0.525390 320.415283 0.095323
0.000000 0.000020 0.872967 -0.517039 0.868131 -0.520093 320.752563 0.095322
0.000000 0.000020 0.876108 -0.511609 0.871338 -0.514775 321.089844 0.095321
0.000000 0.000020 0.879216 -0.506159 0.874515 -0.509435 321.427124 0.095321
0.000000 0.000020 0.882291 -0.500690 0.877661 -0.504074 321.764404 0.095320
0.000000 0.000020 0.885332 -0.495202 0.880777 -0.498692 322.101685 0.095319
0.000000 0.000020 0.888340 -0.489696 0.883863 -0.493288 322.438965 0.095318
0.000000 0.000020 0.891314 -0.484171 0.886918 -0.487863 322.776245 0.095318
0.000000 0.000020 0.894255 -0.478627 0.889942 -0.482417 323.113525 0.095317
0.000000 0.000020 0.897162 -0.473066 0.892934 -0.476951 323.450806 0.095316
0.000000 0.000020 0.900035 -0.467487 0.895896 -0.471464 323.788086 0.095316
0.000000 0.000020 0.902874 -0.461890 0.898826 -0.465957 324.125366 0.095315
0.000000 0.000020 0.905678 -0.456275 0.901724 -0.460429 324.462646 0.095314
0.000000 0.000020 0.908449 -0.450644 0.904591 -0.454881 324.799927 0.095313
0.000000 0.000020 0.911185 -0.444995 0.907426 -0.449314 325.137207 0.095313
0.000000 0.000020 0.913887 -0.439329 0.910228 -0.443726 325.474487 0.095312
0.000000 0.000020 0.916554 -0.433647 0.912999 -0.438119 325.811768 0.095311
0.000000 0.000020 0.919187 -0.427949 0.915737 -0.432492 326.149048 0.095311
0.000000 0.000020 0.921784 -0.422234 0.918443 -0.426846 326.486328 0.095310
0.000000 0.000020 0.924347 -0.416503 0.921116 -0.421181 326.823608 0.095309
0.000000 0.000020 0.926875 -0.410757 0.923756 -0.415497 327.160889 0.095308
0.000000 0.000020 0.929368 -0.404995 0.926363 -0.409794 327.498169 0.095308
0.000000 0.000020 0.931826 -0.399217 0.928937 -0.404072 327.835449 0.095307
0.000000 0.000020 0.934248 -0.393425 0.931478 -0.398332 328.172729 0.095306
0.000000 0.000020 0.936635 -0.387618 0.933985 -0.392573 328.510010 0.095306
0.000000 0.000020 0.938987 -0.381796 0.936458 -0.386796 328.847290 0.095305
0.000000 0.000020 0.941303 -0.375959 0.938898 -0.381001 329.184570 0.095304
0.000000 0.000020 0.943583 -0.370109 0.941304 -0.375188 329.521851 0.095303
0.000000 0.000020 0.945828 -0.364244 0.943676 -0.369358 329.859131 0.095303
0.000000 0.000020 0.948037 -0.358366 0.946014 -0.363509 330.196411 0.095302
0.000000 0.000020 0.950210 -0.352474 0.948317 -0.357644 330.533691 0.095301
0.000000 0.000020 0.952347 -0.346568 0.950586 -0.351761 330.870972 0.095301
0.000000 0.000020 0.954448 -0.340650 0.952820 -0.345861 331.208252 0.095300
0.000000 0.000020 0.956512 -0.334718 0.955019 -0.339944 331.545532 0.095299
0.000000 0.000020 0.958541 -0.328774 0.957183 -0.334011 331.882812 0.095298
0.000000 0.000020 0.960533 -0.322818 0.959312 -0.328061 332.220093 0.095298
0.000000 0.000020 0.962489 -0.316849 0.961406 -0.322094 332.557373 0.095297
0.000000 0.000020 0.964408 -0.310869 0.963464 -0.316112 332.894653 0.095296
0.000000 0.000020 0.966291 -0.304876 0.965486 -0.310113 333.231934 0.095296
0.000000 0.000020 0.968138 -0.298872 0.967473 -0.304098 333.569214 0.095295
0.000000 0.000020 0.969947 -0.292857 0.969424 -0.298067 333.906494 0.095294
0.000000 0.000020 0.971720 -0.286830 0.971338 -0.292021 334.243774 0.095293
0.000000 0.000020 0.973456 -0.280793 0.973216 -0.285960 334.581055 0.095293
0.000000 0.000020 0.975155 -0.274745 0.975058 -0.279883 334.918335 0.095292
0.000000 0.000020 0.976817 -0.268687 0.976863 -0.273791 335.255615 0.095291
0.000000 0.000020 0.978442 -0.262619 0.978631 -0.267685 335.592896 0.095291
0.000000 0.000020 0.980030 -0.256540 0.980362 -0.261563 335.930176 0.095290
0.000000 0.000020 0.981581 -0.250452 0.982055 -0.255427 336.267456 0.095289
0.000000 0.000020 0.983095 -0.244355 0.983712 -0.249277 336.604736 0.095288
0.000000 0.000020 0.984571 -0.238248 0.985330 -0.243112 336.942017 0.095288
0.000000 0.000020 0.986010 -0.232132 0.986911 -0.236933 337.279297 0.095287
0.000000 0.000020 0.987412 -0.226007 0.988453 -0.230741 337.616577 0.095286
0.000000 0.000020 0.988776 -0.219874 0.989958 -0.224535 337.953857 0.095286
